1 	 0
11 	 1
16 	 1
23 	 1
34 	 1
77 	 2
282 	 3
381 	 3
1726 	 4
2008 	 4
2824 	 4
3605 	 5
6795 	 10
8162 	 11
8201 	 11
9528 	 17
11205 	 17
11640 	 22
12348 	 22
12615 	 22
13282 	 27
13389 	 27
13574 	 28
13707 	 31
13849 	 32
14247 	 32
18275 	 39
18692 	 40
19178 	 45
19258 	 45
19434 	 46
19655 	 48
20162 	 49
22377 	 53
23033 	 54
23939 	 56
25379 	 61
27923 	 67
28420 	 72
28477 	 73
29665 	 78
29710 	 78
29735 	 80
29753 	 80
29896 	 83
30203 	 86
30284 	 90
31341 	 98
31514 	 100
34660 	 133
34811 	 135
36621 	 146
37864 	 153
37985 	 161
38017 	 162
38265 	 182
38450 	 192
38562 	 198
39635 	 207
40906 	 209
41642 	 228
42999 	 236
44212 	 247
44307 	 248
44633 	 253
46484 	 270
46506 	 270
46507 	 270
46511 	 270
46516 	 270
46519 	 270
46524 	 270
46533 	 271
46534 	 271
46535 	 271
46538 	 271
46595 	 275
46602 	 275
46642 	 279
46649 	 279
46668 	 280
46701 	 282
46702 	 282
46734 	 289
46735 	 289
46741 	 290
46773 	 293
46774 	 293
46775 	 293
46791 	 295
46812 	 297
46819 	 298
46835 	 301
46836 	 301
46854 	 306
46858 	 306
46866 	 306
46871 	 306
46873 	 306
46913 	 312
46953 	 314
46979 	 318
46987 	 319
47000 	 320
47028 	 325
47040 	 326
47074 	 329
47082 	 329
47092 	 332
47116 	 339
47134 	 341
47150 	 343
47170 	 350
47193 	 355
47206 	 358
47226 	 362
47243 	 364
48317 	 414
48387 	 421
48411 	 426
48414 	 427
48551 	 439
48556 	 439
48579 	 443
48593 	 445
48676 	 451
48710 	 454
48780 	 464
48816 	 468
48892 	 475
48907 	 476
48938 	 481
48980 	 488
49006 	 491
49072 	 498
49399 	 499
51701 	 558
52122 	 600
52143 	 601
52152 	 602
52156 	 602
52204 	 606
52240 	 611
52340 	 621
52348 	 621
52401 	 629
52464 	 633
52493 	 638
52605 	 647
52780 	 671
52854 	 679
52887 	 683
53495 	 719
56110 	 911
56394 	 941
56416 	 942
56477 	 949
56708 	 973
56846 	 985
57024 	 999
57299 	 1024
57537 	 1043
57677 	 1061
57804 	 1070
58210 	 1099
60627 	 1246
61082 	 1272
61214 	 1278
62225 	 1345
62315 	 1359
62944 	 1402
63109 	 1403
64726 	 1408
64728 	 1408
64800 	 1408
64826 	 1408
65399 	 1413
65461 	 1414
65585 	 1414
65589 	 1414
65617 	 1415
65635 	 1417
65638 	 1417
65656 	 1419
65729 	 1431
65763 	 1434
65836 	 1441
65845 	 1442
65927 	 1452
65997 	 1457
66022 	 1461
66058 	 1465
66130 	 1472
66157 	 1476
66183 	 1482
66190 	 1483
66191 	 1483
66210 	 1485
66292 	 1493
66295 	 1493
66349 	 1497
66395 	 1498
66510 	 1498
67082 	 1501
67125 	 1510
67173 	 1516
67201 	 1517
67236 	 1524
67409 	 1543
67424 	 1547
67440 	 1548
67574 	 1563
67811 	 1591
67855 	 1594
67906 	 1601
68027 	 1619
68073 	 1625
68089 	 1626
68316 	 1633
69264 	 1664
69313 	 1664
69332 	 1665
69431 	 1675
70450 	 1726
70472 	 1729
70501 	 1732
70648 	 1758
70753 	 1779
70829 	 1790
70865 	 1796
71033 	 1825
71108 	 1834
71140 	 1843
71499 	 1903
71674 	 1911
72577 	 1951
73434 	 1997
73626 	 2002
74160 	 2016
74162 	 2016
74238 	 2018
74286 	 2024
74440 	 2030
74644 	 2046
74887 	 2063
74892 	 2063
74948 	 2063
75023 	 2065
75262 	 2074
75579 	 2080
75638 	 2090
75655 	 2093
75670 	 2094
75704 	 2097
75728 	 2099
75750 	 2102
75761 	 2104
75815 	 2115
75975 	 2137
76059 	 2152
76061 	 2152
76193 	 2170
76197 	 2170
76676 	 2241
total_testcases is : 76680.
seeds num is : 274.
path_hash_collision is : 0.
path_hash_valued_seeds is : 2243.
1 	 0
8 	 3
12 	 3
30 	 3
44 	 3
160 	 6
216 	 6
647 	 6
3528 	 6
3845 	 6
5723 	 8
6583 	 9
7715 	 11
8862 	 11
9929 	 11
11701 	 15
12708 	 18
12925 	 22
14146 	 23
14163 	 27
14203 	 28
14256 	 28
16247 	 29
16833 	 30
22827 	 35
23958 	 43
24160 	 45
24672 	 47
25825 	 52
26043 	 52
26388 	 55
28723 	 59
33962 	 77
34805 	 83
34985 	 85
35019 	 89
35527 	 100
38998 	 113
39013 	 113
39025 	 113
39481 	 114
39504 	 114
39668 	 116
39707 	 116
40193 	 118
40200 	 118
40340 	 122
40902 	 128
41178 	 130
43330 	 151
43866 	 156
44910 	 165
45462 	 167
46212 	 173
47019 	 179
47088 	 179
47724 	 181
47875 	 184
49279 	 191
49601 	 191
50122 	 235
50204 	 250
50290 	 263
50386 	 277
50557 	 293
50696 	 305
50841 	 312
51709 	 353
51866 	 358
51997 	 363
52493 	 376
52871 	 390
53355 	 408
54895 	 440
57242 	 487
58435 	 529
58442 	 533
58452 	 537
58470 	 543
58517 	 555
58569 	 560
58664 	 577
58670 	 578
58863 	 602
60908 	 680
60931 	 684
60986 	 687
61001 	 687
61015 	 688
61017 	 688
61046 	 688
61068 	 688
61072 	 688
61116 	 690
61187 	 695
61215 	 699
61238 	 702
61256 	 703
61272 	 703
61307 	 708
61394 	 714
61403 	 714
61419 	 717
61423 	 717
61529 	 726
61625 	 735
61628 	 735
61650 	 735
61671 	 737
61682 	 737
61771 	 743
61798 	 743
61839 	 746
61907 	 750
61920 	 751
62450 	 754
62461 	 754
62741 	 754
62742 	 754
62838 	 754
63127 	 754
63512 	 757
63623 	 757
65117 	 759
67414 	 759
70528 	 774
70712 	 802
71905 	 856
78852 	 873
78875 	 874
78931 	 877
79192 	 887
79353 	 893
79370 	 894
79460 	 895
79579 	 900
81511 	 955
81934 	 966
82242 	 973
82304 	 974
83292 	 1001
83783 	 1012
83911 	 1014
83918 	 1014
84559 	 1022
85774 	 1037
85874 	 1039
86385 	 1046
86541 	 1048
86882 	 1055
86890 	 1056
86960 	 1071
86971 	 1075
86973 	 1075
86980 	 1075
87018 	 1078
87036 	 1082
87048 	 1083
87058 	 1084
87064 	 1085
87120 	 1091
87158 	 1095
87182 	 1097
87273 	 1104
87275 	 1105
87299 	 1107
87358 	 1114
87359 	 1114
87371 	 1116
87402 	 1116
87461 	 1127
87501 	 1133
87503 	 1133
87510 	 1134
87539 	 1136
87566 	 1137
87587 	 1138
87634 	 1142
87657 	 1142
87703 	 1148
87705 	 1149
87949 	 1185
88787 	 1200
89085 	 1213
89153 	 1215
89714 	 1232
89827 	 1250
89833 	 1251
89903 	 1261
89964 	 1271
90023 	 1282
90077 	 1293
90113 	 1297
90135 	 1302
90144 	 1304
90180 	 1311
90212 	 1316
90222 	 1318
90325 	 1333
90385 	 1345
90421 	 1354
90428 	 1356
90558 	 1379
90574 	 1381
92906 	 1467
93570 	 1476
93711 	 1486
93724 	 1487
93764 	 1490
93950 	 1499
93958 	 1499
94030 	 1501
94744 	 1540
94880 	 1545
94956 	 1551
95002 	 1553
95135 	 1557
95200 	 1562
95201 	 1562
95282 	 1566
95336 	 1568
95493 	 1571
95565 	 1575
95575 	 1575
95931 	 1589
95985 	 1591
96408 	 1614
96562 	 1622
97068 	 1640
97307 	 1649
97372 	 1654
97386 	 1655
97935 	 1677
98253 	 1688
98937 	 1709
99160 	 1723
99994 	 1758
100313 	 1768
100332 	 1769
100823 	 1791
101251 	 1810
101258 	 1810
101303 	 1812
101642 	 1820
102788 	 1832
102913 	 1837
102997 	 1842
103006 	 1842
103157 	 1849
103458 	 1853
103513 	 1854
103633 	 1857
103648 	 1857
103731 	 1861
104568 	 1874
107142 	 1893
108800 	 1991
110990 	 2038
112040 	 2042
112057 	 2049
112080 	 2057
112117 	 2068
112158 	 2077
112177 	 2079
112184 	 2079
112233 	 2084
112291 	 2098
112294 	 2099
112313 	 2103
112319 	 2105
112361 	 2115
112472 	 2140
112477 	 2142
112497 	 2147
112539 	 2157
112601 	 2176
112606 	 2177
112637 	 2183
112698 	 2197
112985 	 2224
113883 	 2225
114544 	 2225
115742 	 2226
120373 	 2232
120454 	 2232
120612 	 2235
120776 	 2236
121053 	 2238
121460 	 2244
122329 	 2250
123195 	 2260
123723 	 2263
124796 	 2268
125822 	 2273
127593 	 2300
127602 	 2301
127609 	 2302
127714 	 2327
127722 	 2329
127731 	 2331
127748 	 2336
127804 	 2350
127889 	 2369
127903 	 2371
127914 	 2373
127932 	 2380
127951 	 2381
128020 	 2398
128023 	 2398
128078 	 2408
128087 	 2412
128132 	 2422
128166 	 2428
128204 	 2430
128394 	 2481
128464 	 2501
128481 	 2505
128496 	 2506
128683 	 2545
128684 	 2545
128717 	 2549
128771 	 2556
128813 	 2566
129108 	 2626
130729 	 2665
130731 	 2665
130741 	 2667
130743 	 2668
130781 	 2677
130791 	 2677
130824 	 2685
130898 	 2704
130997 	 2722
131009 	 2724
131093 	 2742
131116 	 2747
131117 	 2747
131139 	 2750
131292 	 2791
131372 	 2801
131437 	 2813
131561 	 2833
131619 	 2848
131643 	 2855
131868 	 2902
132287 	 2923
132314 	 2930
132317 	 2930
132349 	 2940
132353 	 2940
132356 	 2940
132449 	 2966
132523 	 2980
132545 	 2987
132546 	 2987
132595 	 3002
132599 	 3002
132657 	 3020
132676 	 3028
132803 	 3056
132815 	 3058
132821 	 3059
133601 	 3110
134144 	 3136
134476 	 3141
135557 	 3168
136231 	 3188
136407 	 3190
140503 	 3409
140627 	 3428
140637 	 3429
140658 	 3431
141195 	 3479
141592 	 3511
141882 	 3523
143143 	 3589
144599 	 3646
145360 	 3671
146327 	 3704
148478 	 3774
148691 	 3808
148773 	 3823
148857 	 3827
149299 	 3888
149875 	 3962
150355 	 4005
150849 	 4056
151289 	 4103
151816 	 4165
152710 	 4270
153117 	 4324
153682 	 4394
153830 	 4411
154104 	 4436
154172 	 4445
154211 	 4452
154722 	 4497
154730 	 4499
154794 	 4518
154800 	 4520
154810 	 4522
154835 	 4529
154917 	 4546
154958 	 4556
155207 	 4628
155246 	 4641
155320 	 4661
155331 	 4664
155387 	 4672
155468 	 4689
155596 	 4712
155614 	 4717
155715 	 4732
155753 	 4738
155794 	 4744
155846 	 4751
155887 	 4756
156043 	 4773
156111 	 4779
156346 	 4799
156536 	 4819
156576 	 4828
157068 	 4887
157256 	 4905
158103 	 4965
158556 	 4995
158685 	 5008
162523 	 5178
166059 	 5498
172110 	 6037
172180 	 6056
172212 	 6062
172306 	 6079
172741 	 6173
172949 	 6220
172955 	 6223
173930 	 6258
173940 	 6260
173957 	 6263
173959 	 6263
174056 	 6298
174071 	 6299
174123 	 6315
174195 	 6335
174275 	 6359
174458 	 6407
174461 	 6407
174490 	 6419
174563 	 6439
174928 	 6542
174938 	 6543
174945 	 6545
176743 	 6594
176745 	 6594
176751 	 6596
176753 	 6596
176756 	 6596
176763 	 6596
176785 	 6600
176791 	 6600
176806 	 6604
176810 	 6604
176825 	 6608
176837 	 6611
176883 	 6619
176887 	 6619
177093 	 6660
177099 	 6661
177108 	 6663
177125 	 6666
177139 	 6668
177153 	 6670
177163 	 6673
177197 	 6680
177198 	 6680
177461 	 6719
177570 	 6720
177588 	 6720
177691 	 6721
177848 	 6723
178616 	 6746
178638 	 6751
178650 	 6757
178656 	 6759
178765 	 6787
178805 	 6796
178827 	 6801
178843 	 6807
178848 	 6809
178917 	 6827
179033 	 6863
179151 	 6899
179172 	 6904
179189 	 6908
179220 	 6909
179225 	 6909
179273 	 6909
179274 	 6909
179362 	 6910
179530 	 6913
179540 	 6914
179784 	 6927
179785 	 6927
179798 	 6930
179803 	 6932
179859 	 6947
179915 	 6965
180016 	 7001
180333 	 7088
180440 	 7117
180604 	 7166
180677 	 7190
180700 	 7197
180847 	 7235
181206 	 7260
181210 	 7262
181218 	 7264
181227 	 7267
181231 	 7268
181288 	 7279
181298 	 7283
181375 	 7297
181412 	 7302
181464 	 7312
181480 	 7318
181552 	 7338
181712 	 7383
181767 	 7399
181906 	 7433
181992 	 7453
182215 	 7503
183013 	 7619
183190 	 7645
183447 	 7685
183455 	 7686
183456 	 7686
183471 	 7688
183484 	 7693
183560 	 7720
183573 	 7722
183600 	 7730
183627 	 7739
183642 	 7746
183654 	 7749
183658 	 7749
183772 	 7788
183783 	 7790
183790 	 7792
183792 	 7792
183825 	 7803
183846 	 7808
183876 	 7821
183902 	 7833
184006 	 7870
184093 	 7904
184096 	 7905
184100 	 7905
184228 	 7945
184304 	 7978
184387 	 8003
184447 	 8026
184761 	 8083
184777 	 8086
184871 	 8119
185067 	 8175
185191 	 8217
185199 	 8220
185484 	 8307
185512 	 8313
185552 	 8326
185629 	 8354
185688 	 8375
185700 	 8379
185770 	 8406
185826 	 8426
185858 	 8437
186095 	 8513
186249 	 8577
186270 	 8589
186452 	 8671
186708 	 8759
187738 	 8856
187758 	 8861
187873 	 8904
187881 	 8907
188154 	 9001
188236 	 9040
188290 	 9062
188380 	 9089
188399 	 9097
188690 	 9147
188720 	 9158
188735 	 9166
189064 	 9270
189157 	 9306
189593 	 9413
190106 	 9543
190331 	 9604
190480 	 9642
190482 	 9643
190670 	 9685
190903 	 9754
191010 	 9784
191069 	 9798
191365 	 9868
191394 	 9870
191431 	 9875
191604 	 9897
191770 	 9916
192590 	 10003
193254 	 10079
193629 	 10112
193786 	 10128
194443 	 10199
196525 	 10404
198251 	 10579
199172 	 10651
199534 	 10692
200118 	 10795
200125 	 10796
200126 	 10796
200148 	 10802
200150 	 10802
200241 	 10842
200332 	 10882
200378 	 10900
200385 	 10903
200405 	 10914
200424 	 10921
200532 	 10966
200767 	 11061
200821 	 11084
200840 	 11094
201054 	 11167
201131 	 11197
201359 	 11229
201456 	 11260
202262 	 11466
202330 	 11487
202357 	 11491
202521 	 11544
202644 	 11584
203001 	 11703
203517 	 11826
203626 	 11864
203636 	 11867
203725 	 11900
203808 	 11924
203822 	 11929
204394 	 12132
204510 	 12173
204608 	 12200
204619 	 12203
204775 	 12243
207605 	 12652
208396 	 12673
209859 	 12842
209926 	 12853
210614 	 12977
212395 	 13264
212808 	 13317
213178 	 13365
214183 	 13527
216023 	 13804
217309 	 13965
217892 	 14089
217901 	 14090
217988 	 14116
218247 	 14197
218555 	 14273
218629 	 14296
220648 	 14650
220657 	 14652
221324 	 14779
221468 	 14802
222505 	 14959
225466 	 15494
225481 	 15498
225582 	 15538
225652 	 15566
225699 	 15581
226005 	 15719
226019 	 15725
226181 	 15793
226347 	 15866
226515 	 15929
226852 	 16003
226860 	 16007
226931 	 16022
227022 	 16051
227112 	 16076
227115 	 16076
227256 	 16113
227305 	 16126
227346 	 16128
228401 	 16356
229565 	 16521
231475 	 16807
231778 	 16881
231825 	 16885
231855 	 16887
232514 	 16949
232636 	 16977
232738 	 17008
232749 	 17008
232813 	 17013
232839 	 17016
232934 	 17027
232943 	 17028
233009 	 17034
233064 	 17039
233069 	 17039
233136 	 17045
233307 	 17070
233506 	 17083
233540 	 17084
233551 	 17085
233605 	 17088
233619 	 17091
233692 	 17100
233734 	 17104
233893 	 17115
233899 	 17115
233947 	 17121
234077 	 17141
234141 	 17149
234287 	 17161
234485 	 17214
234567 	 17245
234582 	 17252
234653 	 17282
235234 	 17511
235286 	 17517
235761 	 17585
236090 	 17669
236365 	 17774
237922 	 18051
237923 	 18051
237924 	 18051
237935 	 18059
237940 	 18060
237953 	 18064
237995 	 18074
238076 	 18094
238155 	 18112
238195 	 18122
238209 	 18124
238454 	 18180
238558 	 18206
238724 	 18247
238751 	 18250
238791 	 18258
239106 	 18303
239613 	 18404
239938 	 18473
239952 	 18475
239984 	 18484
239985 	 18484
240013 	 18488
240102 	 18517
240144 	 18526
240163 	 18532
240165 	 18532
240179 	 18532
240184 	 18534
240285 	 18570
240353 	 18592
240517 	 18643
240535 	 18649
240626 	 18677
242978 	 19206
243195 	 19299
243288 	 19335
244753 	 19644
244789 	 19656
245130 	 19767
245890 	 19867
245958 	 19884
245977 	 19886
246003 	 19889
246018 	 19893
246106 	 19911
249089 	 20515
249142 	 20521
252765 	 20741
252894 	 20788
253762 	 20913
253777 	 20914
256171 	 21038
258693 	 21478
259190 	 21569
259499 	 21665
259804 	 21737
260639 	 21939
260987 	 22003
261004 	 22006
264416 	 22696
265816 	 23003
266285 	 23073
268282 	 23235
270208 	 23284
270267 	 23303
271445 	 23390
272762 	 23394
273987 	 23416
274058 	 23421
274073 	 23423
274102 	 23424
274375 	 23451
275448 	 23513
276497 	 23522
276558 	 23523
279643 	 23540
283100 	 23556
283308 	 23568
284515 	 23614
284741 	 23617
284858 	 23619
285973 	 23649
287177 	 23679
287199 	 23680
288433 	 23707
289576 	 23730
289685 	 23732
290632 	 23751
291159 	 23762
291299 	 23780
291372 	 23814
291499 	 23858
291690 	 23910
291824 	 23937
292313 	 24037
293047 	 24108
293135 	 24138
293146 	 24141
293186 	 24156
293456 	 24258
293667 	 24338
294870 	 24518
297723 	 24984
297881 	 25010
301632 	 25737
301829 	 25806
302658 	 26025
302664 	 26026
302926 	 26104
302949 	 26114
303442 	 26263
304131 	 26453
304395 	 26534
304533 	 26572
305372 	 26789
305978 	 26940
306035 	 26958
306064 	 26970
307071 	 27259
309010 	 27750
309050 	 27770
309173 	 27815
309305 	 27864
309658 	 28003
309727 	 28031
310911 	 28222
311799 	 28434
311805 	 28436
311806 	 28436
311822 	 28442
311842 	 28443
311915 	 28465
312275 	 28533
312375 	 28561
312856 	 28629
312891 	 28641
313367 	 28775
313439 	 28797
314326 	 29062
315452 	 29298
315509 	 29318
315906 	 29439
322425 	 30477
323054 	 30507
323440 	 30520
328770 	 30864
331177 	 31325
331225 	 31328
331355 	 31330
331383 	 31331
331469 	 31333
332045 	 31345
333366 	 31381
333616 	 31383
333629 	 31383
334041 	 31386
334795 	 31397
335295 	 31401
335616 	 31403
337374 	 31432
337819 	 31442
346324 	 32146
351223 	 32186
351342 	 32209
352804 	 32542
354212 	 32818
355309 	 33028
356129 	 33194
356459 	 33252
359541 	 33883
360598 	 34129
360640 	 34137
361724 	 34408
361848 	 34438
362026 	 34481
362280 	 34538
362918 	 34697
364521 	 35048
366124 	 35415
367683 	 35753
372653 	 36271
372673 	 36277
373244 	 36441
374116 	 36708
375220 	 37042
378905 	 38178
379111 	 38244
380704 	 38683
383015 	 39277
383351 	 39337
387594 	 40337
388123 	 40511
388942 	 40683
390868 	 41030
390973 	 41065
391080 	 41094
391682 	 41225
392093 	 41281
394324 	 41816
394685 	 41942
395135 	 42090
395148 	 42092
396454 	 42524
396501 	 42535
401259 	 44183
402291 	 44513
403250 	 44677
403500 	 44775
403741 	 44850
408869 	 46430
408930 	 46454
410168 	 46738
410665 	 46911
410911 	 46988
411022 	 47018
412474 	 47502
416699 	 48757
417674 	 49002
417742 	 49014
422342 	 50170
423397 	 50441
425910 	 51050
426291 	 51110
426322 	 51117
426484 	 51160
426638 	 51202
427468 	 51402
428773 	 51727
431806 	 52441
432034 	 52522
432156 	 52547
432833 	 52708
432982 	 52743
433855 	 52955
438394 	 54007
439431 	 54253
439840 	 54341
440485 	 54492
441818 	 54746
441849 	 54756
441854 	 54756
441858 	 54756
441944 	 54788
442185 	 54873
442331 	 54914
442543 	 54976
442592 	 54991
442779 	 55044
442962 	 55093
443734 	 55274
443880 	 55318
444052 	 55350
444146 	 55369
444568 	 55448
450771 	 56730
454819 	 57478
454912 	 57514
454965 	 57534
454984 	 57544
455093 	 57588
455359 	 57700
455980 	 57981
455985 	 57982
456472 	 58193
457445 	 58590
457911 	 58789
459403 	 59449
461530 	 60344
462464 	 60748
463688 	 61151
463962 	 61223
464011 	 61245
469738 	 61919
470078 	 61975
470603 	 62062
473924 	 62635
474333 	 62719
474631 	 62778
476542 	 63223
476544 	 63224
476596 	 63263
476629 	 63288
476640 	 63298
476674 	 63327
476769 	 63391
476849 	 63449
477174 	 63702
477182 	 63707
477501 	 63951
477924 	 64270
477945 	 64286
478248 	 64525
478811 	 64944
479622 	 65587
480312 	 66131
480392 	 66190
482166 	 67004
482336 	 67094
482343 	 67100
482347 	 67102
482375 	 67120
482741 	 67395
482742 	 67395
482743 	 67395
483081 	 67652
483122 	 67682
483693 	 68129
484168 	 68505
484448 	 68722
484585 	 68821
484890 	 69049
484904 	 69061
484977 	 69119
486451 	 70279
486466 	 70291
490875 	 71397
491067 	 71447
492219 	 71703
492507 	 71806
492519 	 71809
492891 	 71922
492893 	 71923
492894 	 71923
492906 	 71934
492911 	 71938
492912 	 71938
492913 	 71938
492924 	 71947
492929 	 71951
492932 	 71953
492999 	 72010
493021 	 72030
493031 	 72037
493045 	 72050
493061 	 72062
493065 	 72065
493068 	 72067
493083 	 72080
493143 	 72135
493154 	 72144
493156 	 72145
493161 	 72149
493186 	 72170
493205 	 72186
493212 	 72192
493217 	 72196
493262 	 72232
493283 	 72251
493464 	 72413
493581 	 72522
493653 	 72585
493703 	 72630
493712 	 72638
493715 	 72640
493790 	 72705
493803 	 72717
493895 	 72800
494083 	 72972
494120 	 73003
494201 	 73078
494412 	 73269
494425 	 73279
494508 	 73355
494683 	 73514
495073 	 73881
495256 	 74045
495526 	 74281
497027 	 75643
497194 	 75793
497908 	 76451
498533 	 77013
499238 	 77463
500209 	 77787
501521 	 78253
501605 	 78327
501901 	 78562
501905 	 78564
501912 	 78567
501920 	 78574
501965 	 78613
501969 	 78615
502706 	 79292
502721 	 79305
503299 	 79835
503580 	 80092
505617 	 81922
505895 	 82175
506146 	 82401
506484 	 82706
506760 	 82955
507209 	 83372
507536 	 83672
508286 	 84210
508379 	 84243
508619 	 84320
508657 	 84333
517038 	 86386
517044 	 86387
518646 	 86750
519328 	 86937
524164 	 88121
524270 	 88146
524960 	 88299
525261 	 88332
526006 	 88410
528707 	 88699
532347 	 89205
534042 	 89579
535203 	 89870
535240 	 89882
538945 	 90112
542076 	 90754
544511 	 90961
544897 	 91061
557431 	 92317
557997 	 92357
558703 	 92389
559123 	 92404
559516 	 92423
559856 	 92433
560237 	 92446
560345 	 92448
563083 	 92524
565488 	 92761
566199 	 92799
573597 	 93314
573602 	 93318
573707 	 93409
573741 	 93436
573753 	 93446
573801 	 93487
575200 	 94097
576867 	 94658
577151 	 94787
577182 	 94798
577275 	 94832
577401 	 94885
579596 	 95711
580642 	 96107
580890 	 96199
586129 	 98127
588913 	 98345
590401 	 98603
595329 	 99710
595815 	 99836
596216 	 99955
596229 	 99959
599812 	 100801
599815 	 100801
600603 	 100949
601972 	 101214
604210 	 101724
605765 	 102040
605933 	 102082
609192 	 102903
610400 	 103310
614519 	 104129
616980 	 104646
620196 	 105099
621131 	 105129
621277 	 105132
621541 	 105138
621936 	 105147
622153 	 105153
622303 	 105156
622804 	 105163
623427 	 105174
624847 	 105211
626936 	 105330
627680 	 105347
631242 	 105442
631835 	 105459
633790 	 105520
636888 	 105633
637741 	 105832
637742 	 105832
637861 	 105940
638095 	 106140
638329 	 106346
638341 	 106356
638374 	 106382
638377 	 106384
638538 	 106531
639006 	 106788
639849 	 107023
640581 	 107139
642883 	 107522
644698 	 107918
645917 	 108262
645939 	 108273
646024 	 108308
646448 	 108495
646670 	 108564
648333 	 108880
648337 	 108880
649482 	 109101
650594 	 109290
653253 	 109767
654002 	 110066
661700 	 112057
662677 	 112324
662742 	 112345
667115 	 113570
667826 	 113804
670073 	 114529
671638 	 114893
672786 	 115222
678500 	 116580
679296 	 116780
679345 	 116794
682488 	 117312
683539 	 117543
683679 	 117559
684277 	 117671
684493 	 117746
684508 	 117749
685485 	 118136
689475 	 119640
689610 	 119702
690456 	 119977
690474 	 119981
690562 	 120018
690942 	 120180
692579 	 120674
695563 	 121602
695612 	 121633
696150 	 121918
697395 	 122201
699131 	 122747
701524 	 123476
703645 	 124157
704890 	 124534
708297 	 125152
708500 	 125198
709172 	 125365
712086 	 126082
713053 	 126387
713701 	 126556
713724 	 126559
714710 	 126825
718940 	 127900
722438 	 128842
722980 	 129017
725263 	 129732
725426 	 129776
725615 	 129827
727485 	 130393
736233 	 132777
738300 	 133257
738624 	 133327
738755 	 133446
739262 	 133713
739893 	 133889
741281 	 134325
741360 	 134363
741731 	 134569
742526 	 134823
742798 	 134942
743206 	 135111
743551 	 135236
748828 	 137257
749524 	 137606
749603 	 137664
751589 	 139163
753174 	 140368
756962 	 142591
757269 	 142824
757440 	 142960
758251 	 143580
759175 	 144287
760653 	 145432
761984 	 146465
762392 	 146782
764760 	 147895
766988 	 149053
767210 	 149130
767956 	 149505
768076 	 149602
768192 	 149686
775342 	 154480
778433 	 156206
782815 	 158376
782827 	 158386
783287 	 158807
784461 	 159850
784977 	 160313
787992 	 163026
789624 	 164106
790595 	 164592
790623 	 164601
792692 	 165738
792920 	 165808
795310 	 166924
795593 	 167126
795641 	 167171
796608 	 168071
796989 	 168424
797260 	 168657
799318 	 170527
799942 	 171083
802457 	 172873
804453 	 173950
809985 	 175554
811506 	 176036
812006 	 176326
812762 	 176562
817117 	 177375
821407 	 177950
821495 	 177954
821500 	 177954
821958 	 177980
822248 	 177989
823565 	 178023
825099 	 178071
825167 	 178072
825831 	 178092
828422 	 178376
831126 	 178628
832847 	 179228
834688 	 179941
835631 	 180331
835653 	 180350
835739 	 180426
841653 	 182612
849340 	 184194
849343 	 184194
850267 	 184301
854282 	 184627
855173 	 184652
856787 	 184697
866741 	 184941
868195 	 185021
868979 	 185048
873259 	 185139
874272 	 185191
877105 	 185329
877862 	 185337
883748 	 185456
883960 	 185552
884646 	 185714
886018 	 185789
886344 	 185800
886372 	 185801
894581 	 186393
894617 	 186427
894707 	 186508
894785 	 186578
895254 	 187002
895708 	 187413
896326 	 187986
896407 	 188059
897053 	 188655
897446 	 189009
898013 	 189522
901031 	 191360
901407 	 191579
901493 	 191654
901497 	 191657
901885 	 192002
905181 	 194982
908311 	 196428
908647 	 196744
908807 	 196888
912418 	 200169
912757 	 200476
913478 	 200873
914793 	 201296
916012 	 201630
920291 	 202911
922538 	 203810
923754 	 204284
924611 	 204626
927656 	 205750
931639 	 207031
938819 	 209291
939482 	 209445
940860 	 209912
941051 	 209948
941460 	 210050
941696 	 210097
949723 	 211704
953127 	 212333
958753 	 213330
960410 	 213892
973410 	 217124
974518 	 217554
974574 	 217572
974825 	 217696
974859 	 217716
975382 	 217956
976847 	 218591
978647 	 219405
978796 	 219471
985090 	 221225
985744 	 221510
986951 	 221989
989557 	 222821
995935 	 224774
996304 	 224927
1004011 	 226928
1006237 	 227383
1007155 	 227685
1015162 	 229846
1022688 	 232125
1024495 	 232608
1027900 	 234294
1033451 	 235947
1033462 	 235950
1040743 	 237946
1042406 	 238788
1051229 	 241524
1051960 	 241755
1055625 	 242792
1055968 	 243100
1056655 	 243504
1057702 	 244472
1060016 	 246580
1063248 	 248288
1067322 	 250963
1067389 	 251025
1067494 	 251119
1070871 	 252505
1075280 	 253827
1082264 	 257618
1083778 	 258463
1084269 	 258821
1085048 	 259183
1089960 	 262809
1094296 	 264702
1094536 	 264880
1096496 	 266390
1097223 	 266951
1097982 	 267533
1103091 	 270057
1105978 	 272293
1112022 	 275090
1112515 	 275277
1121051 	 277917
1121446 	 278228
1129973 	 282493
1130428 	 282909
1132711 	 284952
1135388 	 286978
1135540 	 287112
1137157 	 287951
1138265 	 288957
1139604 	 290194
1143824 	 292864
1148768 	 295782
1153427 	 295857
1155335 	 295906
1155832 	 296027
1157159 	 296374
1160714 	 297325
1164416 	 299183
1165095 	 299799
1166997 	 301524
1168836 	 303188
1169309 	 303445
1176704 	 304677
1177295 	 304734
1178743 	 304839
1179247 	 304865
1183711 	 305121
1183712 	 305121
1187104 	 305411
1188134 	 305505
1188803 	 305570
1188833 	 305572
1191888 	 305797
1192120 	 305809
1192713 	 305853
1197332 	 306293
1198016 	 306302
1198072 	 306303
1207390 	 306626
1211073 	 309339
1211492 	 309446
1211632 	 309570
1212818 	 310255
1213559 	 310660
1213708 	 310728
1215819 	 311479
1220703 	 313254
1230796 	 315369
1235188 	 315653
1235816 	 315742
1243994 	 316066
1259997 	 316499
1260000 	 316500
1260499 	 316543
1260670 	 316555
1261182 	 316585
1263937 	 316722
1264483 	 316753
1272075 	 317145
1275243 	 317320
1275365 	 317352
1275853 	 317442
1278239 	 317670
1283494 	 318036
1283583 	 318084
1283655 	 318118
1286736 	 319082
1290523 	 321231
1292093 	 322643
1295886 	 325581
1297515 	 326089
1297660 	 326224
1297917 	 326448
1302085 	 330243
1304587 	 331576
1304654 	 331640
1305816 	 332706
1308766 	 335364
1311179 	 336272
1317278 	 340020
1320931 	 342374
1321864 	 342789
1329711 	 347212
1333111 	 349845
1335130 	 349906
1337051 	 349943
1340160 	 350009
1343651 	 350167
1343954 	 350301
1345256 	 350873
1348620 	 352341
1352819 	 353631
1354590 	 354434
1355417 	 354798
1360599 	 356625
1363465 	 357742
1366506 	 358903
1366615 	 358957
1367870 	 359341
1371537 	 360512
1377730 	 362076
1382242 	 363056
1387388 	 366179
1388047 	 366780
1388183 	 366903
1393567 	 370517
1393805 	 370585
1400250 	 372435
1400409 	 372556
1402076 	 373881
1403202 	 374803
1407755 	 378163
1410664 	 379181
1419543 	 382127
1420725 	 383008
1423468 	 385062
1428784 	 387320
1434661 	 390554
1437408 	 392658
1443458 	 395653
1447283 	 398344
1447672 	 398694
1456423 	 403015
1460274 	 404487
1461888 	 404989
1463043 	 405195
1464930 	 405757
1464947 	 405769
1474251 	 410298
1476328 	 411191
1476435 	 411288
1483196 	 416125
1483904 	 416748
1489875 	 420941
1491617 	 422497
1496588 	 425982
1497167 	 426512
1499955 	 429042
1500367 	 429405
1508419 	 430978
1508566 	 430983
1508863 	 431003
1508962 	 431013
1509717 	 431041
1509980 	 431049
1512438 	 431144
1512878 	 431162
1513383 	 431176
1514834 	 431212
1518535 	 431510
1522429 	 434234
1522677 	 434457
1523486 	 434994
1529369 	 436097
1529399 	 436099
1534781 	 436306
1555380 	 441818
1560102 	 444685
1561053 	 445528
1561715 	 446110
1564342 	 448473
1565854 	 449178
1568001 	 451112
1572774 	 454206
1576627 	 456983
1576642 	 456994
1580882 	 460791
1580996 	 460846
1583133 	 461490
1583374 	 461709
1583464 	 461788
1590156 	 466803
1590507 	 466812
1590917 	 466824
1591103 	 466828
1591983 	 466839
1592091 	 466839
1592111 	 466839
1594400 	 466872
1600563 	 466967
1607070 	 467198
1607118 	 467218
1612307 	 469242
1613605 	 469460
1616511 	 470766
1616527 	 470776
1616691 	 470847
1619350 	 471893
1620287 	 472290
1623632 	 473293
1626640 	 473821
1627068 	 473902
1627177 	 473920
1628197 	 474224
1629141 	 474791
1630867 	 475285
1630972 	 475308
1632891 	 475781
1637460 	 478880
1639130 	 479994
1640316 	 480934
1645579 	 483511
1649968 	 486787
1651854 	 487384
1652220 	 487483
1653596 	 487740
1655118 	 488645
1658216 	 490940
1659882 	 491683
1661398 	 492121
1663698 	 493877
1670369 	 497794
1670551 	 497928
1675157 	 501313
1679390 	 503392
1687334 	 507806
1690189 	 509065
1700484 	 512862
1706415 	 515171
1708131 	 515865
1708343 	 516023
1708598 	 516220
1708619 	 516236
1709184 	 516672
1709482 	 516902
1711616 	 518516
1715224 	 520079
1717389 	 521081
1723094 	 523132
1723956 	 523673
1736854 	 530342
1749938 	 535338
1751811 	 535421
1752058 	 535430
1752309 	 535441
1753914 	 535505
1753940 	 535506
1765349 	 536380
1768789 	 536605
1771915 	 537059
1779172 	 541703
1781227 	 542314
1782747 	 543679
1787949 	 547053
1792461 	 550055
1794775 	 552037
1798782 	 553967
1799348 	 553984
1800357 	 553999
1801813 	 554020
1802537 	 554032
1808844 	 554111
1808930 	 554114
1809614 	 554121
1819868 	 554245
1832222 	 554615
1832700 	 554624
1833235 	 554629
1836415 	 554652
1846370 	 554944
1846702 	 554946
1867876 	 558007
1868011 	 558067
1870415 	 558991
1873258 	 560117
1879975 	 562265
1881960 	 562960
1882361 	 563093
1887337 	 564738
1891265 	 566265
1891943 	 566435
1892651 	 566617
1895185 	 567211
1896298 	 567626
1900307 	 569026
1900460 	 569060
1900472 	 569062
1915906 	 573275
1920600 	 576759
1925072 	 577942
1930827 	 580541
1931286 	 580886
1939195 	 582886
1941568 	 583708
1943346 	 585304
1947982 	 588634
1948864 	 589442
1951351 	 591009
1951414 	 591066
1951426 	 591077
1951445 	 591093
1958153 	 596103
1965452 	 600814
1967661 	 601681
1973333 	 605018
1977941 	 607936
1979716 	 608696
1982507 	 610802
1982821 	 611046
1988162 	 613005
1988642 	 613232
1991406 	 615334
1997950 	 618141
1997980 	 618165
1998642 	 618657
2001941 	 621210
2005447 	 623365
2007800 	 624528
2010538 	 626586
2021715 	 630041
2023071 	 630082
2023793 	 630106
2025089 	 630152
2025249 	 630158
2046131 	 636390
2047322 	 636418
2048082 	 636434
2065392 	 636794
2068097 	 636839
2076223 	 636994
2099346 	 637231
2105826 	 637329
2111709 	 639746
2111775 	 639771
2119024 	 642539
2120818 	 643296
2133899 	 647115
2134127 	 647193
2134307 	 647240
2135275 	 647555
2142819 	 649986
2143360 	 650108
2146610 	 650770
2153855 	 652627
2154182 	 652717
2172356 	 660271
2181179 	 665064
2190100 	 669613
2190301 	 669771
2199214 	 674581
2203411 	 677696
2207909 	 679366
2210542 	 681348
2216860 	 684294
2219055 	 685926
2232395 	 692276
2235508 	 694596
2244087 	 698737
2249361 	 699049
2250258 	 699160
2252953 	 699473
2255283 	 699722
2255787 	 699762
2262406 	 700318
2280561 	 702809
2285484 	 704347
2290136 	 705364
2290157 	 705370
2293574 	 706479
2299232 	 708140
2302104 	 708677
2305837 	 709891
2308329 	 711209
2310150 	 711591
2314475 	 712780
2316045 	 713205
2316425 	 713333
2322073 	 716011
2324533 	 716713
2334671 	 722835
2343161 	 728127
2349998 	 732053
2360411 	 736760
2364618 	 739897
2382276 	 748735
2384240 	 749324
2384339 	 749356
2384392 	 749370
2385702 	 749838
2387713 	 750521
2396093 	 752946
2399874 	 754129
2412204 	 757999
2421638 	 762304
2422480 	 762651
2433516 	 766550
2437548 	 767694
2440596 	 768609
2446664 	 770534
2447946 	 771680
2465954 	 779569
2476774 	 783451
2481520 	 786531
2481611 	 786609
2505019 	 796676
2505024 	 796680
2505046 	 796700
2505078 	 796725
2505151 	 796789
2505254 	 796878
2505339 	 796955
2505519 	 797111
2505677 	 797248
2511362 	 798184
2513573 	 798570
2515373 	 798993
2516171 	 799287
2516232 	 799341
2516449 	 799540
2516543 	 799622
2516551 	 799628
2517127 	 799903
2518707 	 800255
2518779 	 800277
2520352 	 800698
2522485 	 801312
2526655 	 802526
2526657 	 802526
2526874 	 802608
2538369 	 804854
2540663 	 805180
2541223 	 805287
2543037 	 805785
2543461 	 805891
2555102 	 808225
2555128 	 808232
2556500 	 808648
2557373 	 809250
2557522 	 809383
2558575 	 810076
2568037 	 812392
2568495 	 812487
2568880 	 812580
2569436 	 812742
2573335 	 813584
2574867 	 813958
2575512 	 814260
2578131 	 815134
2582626 	 816781
2584468 	 817547
2586492 	 817970
2586984 	 818231
2586992 	 818232
2590885 	 819473
2593360 	 821131
2598532 	 823073
2598722 	 823250
2599233 	 823715
2599968 	 824393
2600902 	 825243
2601501 	 825791
2601996 	 826246
2602708 	 826893
2603307 	 827425
2603543 	 827631
2605393 	 828812
2605440 	 828828
2606923 	 829137
2610775 	 829191
2614225 	 830140
2621205 	 833035
2623724 	 834940
2635728 	 838162
2640398 	 838774
2640827 	 838888
2645224 	 840323
2645344 	 840364
2646939 	 841024
2647363 	 841203
2668744 	 851172
2669357 	 851726
2672282 	 854361
2675497 	 856888
2676284 	 857576
2684181 	 862055
2689328 	 863472
2696534 	 865725
2706530 	 871707
2706623 	 871734
2713139 	 873639
2713267 	 873747
2714557 	 874881
2718238 	 878124
2720190 	 879602
2730416 	 886530
2732656 	 887467
2734737 	 888915
2748535 	 896904
2754203 	 901848
2758510 	 903781
2759965 	 904198
2760961 	 905074
2767291 	 910412
2770328 	 911579
2773789 	 912361
2774041 	 912426
2774101 	 912441
2777797 	 915258
2782709 	 918880
2782957 	 918998
2794453 	 924158
2804927 	 929138
2805388 	 929397
2814979 	 933890
2834556 	 943018
2834580 	 943039
2875645 	 946970
2878413 	 947096
2880920 	 947273
2880996 	 947334
2881007 	 947342
2881049 	 947377
2881081 	 947401
2881177 	 947474
2881201 	 947492
2881237 	 947520
2881306 	 947575
2881331 	 947597
2881584 	 947814
2883415 	 947852
2893128 	 949058
2893838 	 949234
2894201 	 949310
2899412 	 950417
2899492 	 950481
2900077 	 950966
2901375 	 951391
2901432 	 951414
2902139 	 951726
2902653 	 951836
2902702 	 951875
2902976 	 952090
2903074 	 952168
2903079 	 952171
2903246 	 952297
2903415 	 952433
2906903 	 953138
2907030 	 953211
2907437 	 953442
2910540 	 954218
2910598 	 954242
2910716 	 954320
2910890 	 954414
2911572 	 954773
2911614 	 954808
2911615 	 954808
2911799 	 954964
2912939 	 955492
2913067 	 955598
2913187 	 955694
2913375 	 955847
2913504 	 955948
2914428 	 956134
2914952 	 956263
2915096 	 956384
2915122 	 956403
2915127 	 956407
2915213 	 956482
2917686 	 957510
2919190 	 957888
2931214 	 961769
2931947 	 961964
2931949 	 961964
2933661 	 962994
2934711 	 963627
2940280 	 966557
2945156 	 967266
2945296 	 967345
2946734 	 968222
2950156 	 970236
2953628 	 971460
2956267 	 972083
2962476 	 974259
2963760 	 975317
2964651 	 976037
2964824 	 976171
2964828 	 976173
2964909 	 976242
2965415 	 976655
2965864 	 977017
2966473 	 977518
2967997 	 978285
2968083 	 978354
2977787 	 981547
2982417 	 983742
2992160 	 987866
2996404 	 988934
2997522 	 989326
2998019 	 989534
2999434 	 989968
3000044 	 989987
3000453 	 990001
3001899 	 990041
3014043 	 990474
3015164 	 991387
3017477 	 993260
3017772 	 993502
3018569 	 994161
3021492 	 995308
3021553 	 995320
3021577 	 995326
3022042 	 995451
3022119 	 995470
3024136 	 996235
3028934 	 1000073
3034036 	 1001650
3049435 	 1008929
3050255 	 1009520
3053432 	 1011606
3053441 	 1011606
3053499 	 1011607
3053500 	 1011607
3053783 	 1011611
3053899 	 1011611
3054250 	 1011614
3054553 	 1011616
3054619 	 1011616
3054938 	 1011618
3054943 	 1011618
3056328 	 1011626
3062560 	 1011836
3065300 	 1012602
3072109 	 1014704
3073257 	 1015106
3075763 	 1016262
3079081 	 1017172
3080637 	 1017465
3082337 	 1017479
3083055 	 1017480
3085665 	 1017483
3094072 	 1017547
3094856 	 1017557
3094955 	 1017559
3108989 	 1017618
3109019 	 1017634
3113630 	 1018265
3117277 	 1018290
3122500 	 1018389
3122908 	 1018475
3127228 	 1018502
3131927 	 1018517
3134512 	 1018858
3134527 	 1018869
3134820 	 1019051
3149356 	 1025905
3150253 	 1026502
3150901 	 1026669
3150942 	 1026704
3151092 	 1026825
3153393 	 1028741
3153743 	 1029026
3157668 	 1031247
3157739 	 1031306
3158206 	 1031688
3166410 	 1036989
3189725 	 1037365
3189797 	 1037394
3196529 	 1037521
3212402 	 1037904
3233280 	 1039637
3234318 	 1039768
3241997 	 1040637
3242105 	 1040682
3246317 	 1041356
3247822 	 1041781
3249061 	 1042145
3249081 	 1042160
3249154 	 1042224
3249178 	 1042242
3250075 	 1042956
3251641 	 1043244
3253400 	 1043768
3253426 	 1043789
3253476 	 1043829
3255188 	 1044417
3255665 	 1044606
3257023 	 1044888
3267465 	 1045967
3268384 	 1046490
3270391 	 1046591
3276900 	 1048225
3276927 	 1048238
3276965 	 1048268
3278056 	 1048755
3280439 	 1049213
3284932 	 1050073
3286809 	 1050789
3287073 	 1050999
3289575 	 1051616
3293043 	 1052118
3293147 	 1052150
3294441 	 1052514
3297281 	 1053260
3298261 	 1053596
3298301 	 1053621
3298609 	 1053859
3311593 	 1057093
3311703 	 1057119
3313753 	 1057739
3314057 	 1057912
3317637 	 1058720
3317995 	 1058799
3318086 	 1058811
3332361 	 1061741
3332371 	 1061746
3332529 	 1061839
3333505 	 1062277
3333574 	 1062332
3334051 	 1062724
3335864 	 1063307
3338497 	 1063978
3338687 	 1064098
3342816 	 1065288
3343140 	 1065440
3343243 	 1065513
3343272 	 1065527
3344662 	 1066088
3353223 	 1067298
3353287 	 1067335
3355583 	 1068051
3355751 	 1068197
3371742 	 1072584
3373010 	 1073092
3390558 	 1078640
3390576 	 1078654
3391434 	 1079092
3392832 	 1079939
3393158 	 1079952
3394625 	 1080010
3405963 	 1081863
3406130 	 1082006
3407089 	 1082468
3412219 	 1084169
3412248 	 1084182
3412612 	 1084377
3413174 	 1084687
3413420 	 1084824
3413541 	 1084892
3414066 	 1085152
3414512 	 1085536
3416946 	 1086463
3417531 	 1086641
3418896 	 1087084
3425144 	 1089406
3430932 	 1092492
3441244 	 1096504
3443130 	 1096941
3445020 	 1097437
3449878 	 1099602
3452460 	 1100640
3456565 	 1102938
3461943 	 1105621
3468963 	 1107927
3473666 	 1110122
3473690 	 1110127
3473713 	 1110131
3473971 	 1110157
3474328 	 1110189
3474813 	 1110227
3475223 	 1110255
3475659 	 1110292
3476227 	 1110333
3476517 	 1110348
3497003 	 1111253
3497162 	 1111279
3497256 	 1111291
3497260 	 1111291
3497645 	 1111331
3497993 	 1111382
3498191 	 1111407
3498377 	 1111425
3498954 	 1111488
3499767 	 1111575
3499791 	 1111579
3501812 	 1111808
3503129 	 1111937
3511819 	 1112615
3513774 	 1112760
3513871 	 1112762
3519888 	 1113067
3520018 	 1113085
3520454 	 1113124
3521099 	 1113185
3522674 	 1113321
3523190 	 1113363
3527257 	 1113820
3527374 	 1113862
3527501 	 1113887
3527549 	 1113896
3535879 	 1114496
3541276 	 1114942
3547253 	 1115503
3562177 	 1117197
3562742 	 1117288
3563458 	 1117400
3563705 	 1117427
3564404 	 1117517
3568065 	 1117970
3576960 	 1118906
3577228 	 1118989
3577284 	 1119005
3577385 	 1119032
3577527 	 1119077
3582293 	 1119880
3590497 	 1120849
3593853 	 1121012
3593983 	 1121058
3594224 	 1121143
3594231 	 1121145
3594253 	 1121151
3594284 	 1121164
3594396 	 1121203
3595339 	 1121500
3595962 	 1121692
3596132 	 1121745
3598336 	 1122354
3598698 	 1122439
3601939 	 1123104
3604218 	 1123301
3605044 	 1123512
3605052 	 1123515
3605561 	 1123705
3607293 	 1124011
3607898 	 1124213
3609094 	 1124579
3609686 	 1124745
3622813 	 1126725
3622877 	 1126744
3626543 	 1127659
3706186 	 1132124
3707519 	 1132655
3729514 	 1135276
3731212 	 1135746
3731220 	 1135748
3731563 	 1135832
3732998 	 1136088
3734331 	 1136286
3734409 	 1136324
3734443 	 1136337
3734742 	 1136497
3743540 	 1138171
3743999 	 1138295
3749038 	 1139271
3751529 	 1140317
3758904 	 1141670
3761730 	 1142465
3762147 	 1142709
3762486 	 1142863
3763122 	 1143122
3768469 	 1144548
3770118 	 1145211
3770266 	 1145304
3787076 	 1148544
3788056 	 1149020
3790758 	 1149778
3791693 	 1150426
3791773 	 1150492
3809412 	 1155645
3810899 	 1155962
3822815 	 1159493
3829227 	 1161208
3830144 	 1161441
3834585 	 1162825
3837229 	 1163889
3838599 	 1164454
3839066 	 1164551
3842628 	 1166303
3846331 	 1167198
3848077 	 1167600
3850365 	 1168806
3851442 	 1169509
3861982 	 1174575
3862465 	 1174819
3875441 	 1180409
3880956 	 1183198
3884849 	 1185518
3886526 	 1186917
3898498 	 1192487
3898527 	 1192508
3899942 	 1193750
3906916 	 1198842
3907023 	 1198928
3907160 	 1199042
3908085 	 1199581
3911906 	 1201861
3912911 	 1202774
3917809 	 1207242
3922499 	 1209186
3926240 	 1210234
3930023 	 1211213
3934055 	 1212302
3940199 	 1214710
3945000 	 1216687
3946585 	 1217568
3951872 	 1220405
3962907 	 1223998
3962950 	 1224013
3971897 	 1227428
3974006 	 1228332
3989259 	 1237728
3990522 	 1238514
3994017 	 1240487
3999143 	 1243079
3999525 	 1243401
4000183 	 1243937
4000254 	 1243982
4000439 	 1244091
4002237 	 1244631
4004760 	 1245274
4005299 	 1245704
4006978 	 1246823
4007292 	 1247050
4008466 	 1247853
4009658 	 1248774
4010342 	 1249207
4010852 	 1249529
4013599 	 1251265
4013865 	 1251426
4014407 	 1251756
4019630 	 1254121
4019634 	 1254122
4019702 	 1254158
4019714 	 1254163
4019738 	 1254172
4020058 	 1254348
4025755 	 1256842
4025778 	 1256851
4025791 	 1256858
4034587 	 1261568
4039730 	 1263432
4044238 	 1265515
4044332 	 1265569
4047152 	 1267202
4047575 	 1267442
4054011 	 1270811
4054305 	 1271066
4054470 	 1271209
4056729 	 1272020
4056797 	 1272059
4057942 	 1272708
4058468 	 1273031
4061360 	 1274677
4072598 	 1280048
4072652 	 1280080
4072694 	 1280106
4077364 	 1282817
4085463 	 1286273
4086297 	 1286863
4086403 	 1286930
4092197 	 1289421
4103120 	 1293925
4109379 	 1299057
4112544 	 1301050
4112860 	 1301190
4116211 	 1302493
4126971 	 1307329
4130908 	 1308799
4155373 	 1311078
4162018 	 1311919
4162231 	 1311963
4183823 	 1317299
4195666 	 1320761
4221355 	 1330128
4246081 	 1336436
4253510 	 1338431
4255304 	 1339135
4256071 	 1339589
4261501 	 1341744
4263328 	 1342583
4263751 	 1342619
4266988 	 1342824
4275989 	 1343520
4276163 	 1343601
4278064 	 1344513
4289605 	 1348921
4300484 	 1354151
4301983 	 1355338
4302621 	 1355839
4304275 	 1356397
4305243 	 1356842
4306389 	 1357285
4307248 	 1357613
4316122 	 1359961
4324536 	 1360371
4324600 	 1360417
4336592 	 1366398
4344614 	 1370582
4345513 	 1371174
4352568 	 1375012
4352596 	 1375028
4352599 	 1375029
4352911 	 1375227
4356511 	 1376658
4364380 	 1379686
4364967 	 1380175
4365343 	 1380408
4365672 	 1380625
4366220 	 1380946
4368037 	 1381842
4377362 	 1384617
4383761 	 1386657
4384776 	 1387380
4389889 	 1390554
4393001 	 1392356
4393336 	 1392636
4395506 	 1393703
4404204 	 1396978
4409110 	 1401206
4411948 	 1402789
4412325 	 1403008
4424230 	 1409132
4426383 	 1410418
4428879 	 1411083
4432901 	 1412935
4435502 	 1413966
4444791 	 1415425
4445459 	 1415864
4445919 	 1416145
4446274 	 1416354
4457220 	 1420711
4469951 	 1426916
4471898 	 1428536
4479535 	 1433319
4483694 	 1434950
4495027 	 1440289
4497625 	 1441474
4500749 	 1442782
4501937 	 1443375
4505030 	 1444929
4506165 	 1445454
4506286 	 1445506
4508751 	 1446672
4518294 	 1449018
4520658 	 1449920
4522384 	 1450517
4532519 	 1451900
4533112 	 1452180
4533862 	 1452510
4572556 	 1456330
4581372 	 1456775
4611587 	 1458991
4618285 	 1460766
4618387 	 1460851
4628194 	 1462909
4628358 	 1462982
4647523 	 1466226
4648173 	 1466616
4648496 	 1466856
4652355 	 1467665
4653558 	 1468139
4653602 	 1468176
4662984 	 1471463
4663392 	 1471802
4672543 	 1474494
4672569 	 1474504
4676144 	 1475532
4678628 	 1476585
4678695 	 1476633
4678858 	 1476762
4682287 	 1477814
4682707 	 1478154
4686333 	 1479295
4686347 	 1479296
4686621 	 1479351
4687029 	 1479443
4717487 	 1486898
4732212 	 1489876
4749591 	 1492872
4752069 	 1493630
4767953 	 1498981
4768043 	 1499024
4783124 	 1502291
4783155 	 1502311
4783222 	 1502360
4796310 	 1504943
4797582 	 1505172
4811746 	 1508472
4814234 	 1508774
4845150 	 1519707
4847101 	 1519915
4854488 	 1520756
4856804 	 1521222
4864988 	 1524805
4867229 	 1526286
4868199 	 1526598
4892854 	 1534149
4893684 	 1534646
4896558 	 1536364
4896588 	 1536387
4898758 	 1537798
4909979 	 1540314
4911087 	 1540817
4915467 	 1542779
4918169 	 1544011
4918174 	 1544014
4918428 	 1544237
4922264 	 1545764
4922840 	 1546271
4934298 	 1551119
4935638 	 1552077
4939411 	 1554783
4944380 	 1556712
4944403 	 1556713
4945896 	 1556729
4961134 	 1556753
5009926 	 1557316
5029367 	 1557977
5041361 	 1560148
5045770 	 1560717
5054035 	 1561858
5054257 	 1562040
5063389 	 1564823
5075015 	 1568525
5077834 	 1569341
5078993 	 1569905
5079897 	 1570485
5094236 	 1574714
5109489 	 1579389
5146749 	 1587186
5154380 	 1588538
5190836 	 1594136
5196434 	 1596300
5239959 	 1606564
5241412 	 1606977
5244136 	 1607822
5244172 	 1607837
5244369 	 1607936
5244536 	 1608004
5249725 	 1609642
5252589 	 1610465
5262981 	 1611814
5290030 	 1616110
5294438 	 1617692
5294690 	 1617876
5301941 	 1620330
5302142 	 1620482
5304086 	 1621492
5308168 	 1622841
5405821 	 1648456
5411678 	 1649884
5429337 	 1655032
5437177 	 1657583
5444206 	 1660002
5444226 	 1660020
5448949 	 1661694
5487679 	 1672146
5490380 	 1672866
5506804 	 1676984
5518454 	 1680470
5543957 	 1688728
5562220 	 1693477
5562249 	 1693499
5562852 	 1693981
5580777 	 1698980
5584082 	 1700642
5584488 	 1700912
5630068 	 1719123
5630694 	 1719387
5735461 	 1742120
5735601 	 1742159
5749375 	 1747762
5749379 	 1747765
5749585 	 1747916
5753617 	 1749197
5753732 	 1749263
5766401 	 1754009
5778261 	 1758804
5791268 	 1762447
5792783 	 1763281
5795865 	 1764037
5795967 	 1764060
5796030 	 1764065
5802489 	 1764940
5811670 	 1768835
5836730 	 1781223
5836738 	 1781230
5836778 	 1781260
5838340 	 1782582
5845694 	 1788215
5861571 	 1797203
5861602 	 1797214
5861713 	 1797245
5862194 	 1797385
5862276 	 1797407
5862363 	 1797432
5882329 	 1801428
5883032 	 1801992
5887071 	 1804811
5899170 	 1809269
5908199 	 1815929
5908741 	 1816160
5912118 	 1817459
5925205 	 1821280
5929752 	 1822735
5939540 	 1825407
5940903 	 1826483
5941624 	 1827012
5942242 	 1827426
5942928 	 1827913
6050438 	 1840329
6058277 	 1841952
6060768 	 1842648
6098298 	 1852782
6098373 	 1852832
6098740 	 1853057
6110127 	 1857614
6110138 	 1857618
6110550 	 1857779
6127152 	 1864073
6146335 	 1871298
6160022 	 1876325
6169702 	 1879517
6194772 	 1889880
6194839 	 1889933
6256545 	 1912301
6272418 	 1920896
6278264 	 1924284
6294200 	 1932424
6320883 	 1940557
6330515 	 1947069
6385630 	 1955374
6413282 	 1958891
6413760 	 1959207
6435248 	 1963800
6435283 	 1963823
6435547 	 1963994
6439583 	 1965495
6457536 	 1970410
6470152 	 1973612
6482252 	 1976703
6496871 	 1980131
6511928 	 1985606
6511941 	 1985614
6512722 	 1986030
6528831 	 1988754
6572607 	 1994566
6574603 	 1995703
6581422 	 1998293
6582938 	 1998951
6619409 	 2006961
6621418 	 2007497
6654787 	 2013693
6726247 	 2032779
6738870 	 2036668
6744069 	 2038779
6834390 	 2067860
6834395 	 2067863
6839910 	 2069544
6840063 	 2069666
6840483 	 2070010
6926031 	 2100731
6966405 	 2112434
7056930 	 2130246
7056988 	 2130263
7119178 	 2145482
7127667 	 2148286
7129733 	 2149044
7137510 	 2151135
7182654 	 2163922
7201001 	 2170157
7201293 	 2170315
7218408 	 2176843
7232497 	 2181049
7287711 	 2206548
7396764 	 2245329
7426083 	 2255181
7439983 	 2260484
7448976 	 2263509
7450374 	 2264447
7500760 	 2278216
7525788 	 2285986
7539175 	 2289768
7539317 	 2289894
7552544 	 2294354
7607821 	 2313668
7609707 	 2314729
7664372 	 2326449
7827820 	 2371808
7855732 	 2378062
7908049 	 2395232
7947447 	 2412926
7980306 	 2427375
7981900 	 2428160
7986704 	 2430970
7992146 	 2433266
8024958 	 2446823
8024995 	 2446849
8034642 	 2450855
8047428 	 2454409
8059150 	 2461529
8074703 	 2468408
8149273 	 2478246
8168315 	 2481882
8171583 	 2482748
8196295 	 2488903
8228859 	 2497434
8277019 	 2504683
8357494 	 2519806
8441359 	 2541181
8531392 	 2569264
8762993 	 2631373
8859034 	 2658377
8859168 	 2658456
8883053 	 2667372
9008453 	 2719109
9033054 	 2727885
9070405 	 2740251
9070557 	 2740341
9098098 	 2753023
9098100 	 2753024
9098115 	 2753034
9098760 	 2753442
9098989 	 2753599
9100986 	 2754859
9101347 	 2755094
9102459 	 2755779
9110565 	 2759502
9126259 	 2761132
9126263 	 2761134
9126297 	 2761161
9136665 	 2767577
9137085 	 2767834
9138637 	 2768779
9142244 	 2771029
9151060 	 2775036
9151763 	 2775480
9152857 	 2776177
9166937 	 2782400
9167050 	 2782465
9167792 	 2782886
9169777 	 2784119
9170579 	 2784612
9172122 	 2785565
9184739 	 2791729
9194720 	 2797381
9194721 	 2797381
9194848 	 2797450
9196935 	 2798703
9204325 	 2803390
9211095 	 2806355
9211280 	 2806460
9211543 	 2806616
9212080 	 2806937
9212292 	 2807076
9217901 	 2810555
9226876 	 2814447
9228408 	 2815474
9243352 	 2823659
9243512 	 2823762
9243535 	 2823781
9255300 	 2830636
9255751 	 2830983
9256743 	 2831732
9277593 	 2843719
9291860 	 2850964
9292127 	 2851174
9292330 	 2851322
9304285 	 2858473
9305785 	 2859572
9353953 	 2872753
9370404 	 2873639
9393872 	 2877391
9405885 	 2880710
9450541 	 2893436
9489275 	 2900377
9552177 	 2924687
9570416 	 2930815
9571508 	 2931236
9571876 	 2931372
9572586 	 2931626
9595505 	 2937592
9596834 	 2938285
9613368 	 2946719
9626795 	 2951229
9642479 	 2958891
9657257 	 2962993
9657876 	 2963394
9664735 	 2966980
9665023 	 2967111
9674034 	 2969327
9675008 	 2969874
9677625 	 2971278
9689017 	 2975827
9691185 	 2977344
9694372 	 2979461
9704958 	 2983263
9720977 	 2992181
9722319 	 2993184
9722724 	 2993484
9736966 	 3001076
9758310 	 3007099
9770088 	 3007441
9843374 	 3019632
9852897 	 3021968
9984932 	 3079029
9994450 	 3083796
9996879 	 3083864
9997554 	 3083889
10007063 	 3084076
10100934 	 3091862
10116989 	 3095647
10221556 	 3116577
10260683 	 3123242
10265942 	 3125022
10314417 	 3137947
10314443 	 3137967
10322021 	 3140870
10322038 	 3140885
10322204 	 3141024
10387398 	 3161111
10390124 	 3161798
10390313 	 3161968
10401275 	 3166756
10401381 	 3166844
10402720 	 3167666
10413543 	 3170065
10414945 	 3170551
10509237 	 3197586
10554198 	 3205949
10592041 	 3216100
10715094 	 3250843
10728492 	 3255651
10745911 	 3262546
10839846 	 3305693
11020432 	 3355130
11021065 	 3355613
11029614 	 3358949
11118101 	 3395854
11119939 	 3396757
11337703 	 3468130
11416308 	 3495511
11518788 	 3526721
11725672 	 3579026
11959314 	 3675405
11959381 	 3675462
11972017 	 3682446
12041599 	 3708741
12125351 	 3748003
12203818 	 3787152
12295171 	 3830655
12344576 	 3850589
12396682 	 3878604
12404136 	 3878607
12407747 	 3878611
12442671 	 3878932
12492389 	 3884584
12510740 	 3889346
12517434 	 3891327
12529245 	 3895148
12534409 	 3897235
12553256 	 3900291
12567984 	 3904600
12575247 	 3908575
12575251 	 3908577
12575390 	 3908700
12575505 	 3908808
12577571 	 3909715
12656236 	 3942172
12693139 	 3952224
12704784 	 3959378
12771628 	 3964143
12933238 	 4003585
12967743 	 4010245
13012334 	 4021398
13051680 	 4035832
13061453 	 4040145
13159545 	 4072897
13314315 	 4113711
13314596 	 4113859
13391267 	 4137322
13589864 	 4207203
13656247 	 4231983
13854195 	 4294943
14020131 	 4355872
14047061 	 4364021
14047077 	 4364031
14084878 	 4370590
14085167 	 4370845
14370755 	 4463178
14373788 	 4463191
14374769 	 4463201
14581192 	 4533671
14592801 	 4539267
14613095 	 4548759
14666673 	 4572197
14871252 	 4655915
14871338 	 4655918
14873893 	 4655957
14885457 	 4655996
14962024 	 4677567
14999912 	 4696887
15017301 	 4697018
15064595 	 4697293
15126041 	 4705874
15141359 	 4711020
15593105 	 4832012
15624944 	 4841083
15660378 	 4853442
15986518 	 4961140
16051876 	 4986295
16330630 	 5076901
16746720 	 5226579
16776442 	 5241975
16867463 	 5273811
16941143 	 5304528
17087687 	 5336994
17201360 	 5370734
17201440 	 5370803
17383410 	 5468014
17474603 	 5507921
17495902 	 5519450
17495909 	 5519455
17495917 	 5519461
17497609 	 5520750
17795745 	 5588997
17999679 	 5641849
18000201 	 5642305
19138574 	 6024200
19178870 	 6044976
19278425 	 6080506
19307657 	 6091809
19316188 	 6095271
19392704 	 6116117
19400729 	 6117814
19493938 	 6142997
19625740 	 6216891
19663290 	 6235155
19801312 	 6300564
19801415 	 6300610
19864751 	 6330987
19870271 	 6332990
19873684 	 6334249
19978215 	 6348201
20094081 	 6369926
20649002 	 6533950
21009268 	 6644113
21407812 	 6788451
21587925 	 6845412
21587955 	 6845426
21696841 	 6881485
22078174 	 7062941
22080450 	 7063388
22109870 	 7074342
22124221 	 7081909
22189421 	 7110275
22482995 	 7235101
22923743 	 7429801
22926371 	 7429805
22929960 	 7429808
22975032 	 7446612
23114716 	 7500786
23115696 	 7500792
23117188 	 7500796
23145149 	 7503851
23145154 	 7503851
23145171 	 7503855
23165338 	 7504429
23173819 	 7504459
23217026 	 7504729
23288761 	 7526346
23666421 	 7631328
23717820 	 7649167
23873912 	 7699354
23874212 	 7699387
23874332 	 7699399
23874701 	 7699439
23874747 	 7699443
23874936 	 7699463
23879421 	 7699859
23890668 	 7700387
23891772 	 7700474
23893001 	 7700586
23895505 	 7700789
23905872 	 7701402
23906097 	 7701431
23906116 	 7701432
23906372 	 7701458
23907192 	 7701536
23907394 	 7701554
23908287 	 7701623
23908291 	 7701623
23912850 	 7701988
23921964 	 7702282
23922869 	 7702362
23923033 	 7702374
23926284 	 7702657
23928585 	 7702846
23929558 	 7702922
23938567 	 7703343
23941684 	 7703595
23942289 	 7703643
23942356 	 7703652
23942715 	 7703685
23953285 	 7704276
23953293 	 7704276
23953338 	 7704280
23953555 	 7704308
23956351 	 7704553
23958427 	 7704745
23969193 	 7705089
23969594 	 7705126
23969742 	 7705151
23969963 	 7705170
23969986 	 7705171
23970945 	 7705249
23971163 	 7705266
23971501 	 7705300
23971660 	 7705310
23974848 	 7705591
23975855 	 7705682
23976949 	 7705760
23985155 	 7705972
23985211 	 7705976
23985862 	 7706037
23986522 	 7706099
23987063 	 7706144
23987948 	 7706212
23995404 	 7706988
24001685 	 7707156
24001719 	 7707158
24004014 	 7707354
24004443 	 7707391
24005847 	 7707521
24007815 	 7707684
24017917 	 7708227
24018488 	 7708277
24033930 	 7709202
24036173 	 7709413
24036796 	 7709462
24050638 	 7710315
24055159 	 7710663
24056637 	 7710784
24064892 	 7711319
24065005 	 7711329
24065243 	 7711352
24066439 	 7711447
24082546 	 7712372
24097466 	 7713098
24097494 	 7713100
24101513 	 7713450
24112547 	 7714282
24116460 	 7714595
24119603 	 7714879
24136172 	 7715786
24140651 	 7715933
24140671 	 7715935
24140908 	 7715953
24141670 	 7716020
24142722 	 7716100
24143205 	 7716145
24143978 	 7716196
24144746 	 7716256
24145356 	 7716314
24145514 	 7716327
24147135 	 7716450
24150723 	 7716659
24157042 	 7716771
24157288 	 7716794
24161853 	 7717149
24172899 	 7717573
24172938 	 7717578
24172958 	 7717579
24173000 	 7717581
24173041 	 7717582
24174495 	 7717701
24174539 	 7717706
24177217 	 7717922
24177742 	 7717956
24177765 	 7717956
24178162 	 7717990
24179182 	 7718062
24199495 	 7719050
24200031 	 7719073
24200070 	 7719076
24203146 	 7719241
24217721 	 7719858
24220433 	 7720104
24220617 	 7720118
24220961 	 7720144
24221588 	 7720195
24233314 	 7720719
24234824 	 7720869
24251464 	 7721961
24251802 	 7721995
24255204 	 7722270
24255299 	 7722280
24255635 	 7722309
24265107 	 7722591
24265205 	 7722598
24265810 	 7722649
24266000 	 7722664
24266009 	 7722665
24266126 	 7722676
24267524 	 7722798
24267665 	 7722804
24268317 	 7722850
24270895 	 7723082
24271937 	 7723155
24282382 	 7723476
24288072 	 7723950
24297520 	 7724304
24312690 	 7725114
24312707 	 7725116
24312752 	 7725120
24312852 	 7725127
24313089 	 7725153
24313131 	 7725154
24314649 	 7725273
24318417 	 7725594
24329160 	 7726174
24331520 	 7726355
24334417 	 7726559
24334790 	 7726583
24356428 	 7727534
24360038 	 7727856
24372138 	 7728471
24372160 	 7728472
24372208 	 7728476
24372787 	 7728530
24373000 	 7728543
24373969 	 7728632
24377979 	 7728949
24378629 	 7729003
24391518 	 7729542
24395145 	 7729845
24396764 	 7729916
24397429 	 7729955
24405060 	 7730197
24405583 	 7730253
24413685 	 7730849
24414404 	 7730945
24420764 	 7731256
24436065 	 7732258
24436074 	 7732264
24436092 	 7732270
24436924 	 7732626
24448955 	 7733312
24478178 	 7734956
24478376 	 7734969
24495433 	 7736046
24497662 	 7736232
24499206 	 7736361
24503409 	 7736501
24508845 	 7736642
24509043 	 7736661
24510445 	 7736773
24510473 	 7736777
24516472 	 7737283
24524981 	 7737651
24525311 	 7737678
24525957 	 7737742
24526053 	 7737751
24529320 	 7738041
24529674 	 7738080
24540601 	 7738595
24543891 	 7738918
24548324 	 7739266
24556799 	 7739523
24557323 	 7739573
24563956 	 7740121
24575570 	 7740662
24597349 	 7741949
24597427 	 7741962
24600914 	 7742152
24607753 	 7742709
24616345 	 7743054
24616442 	 7743057
24616458 	 7743059
24616728 	 7743086
24617412 	 7743138
24622047 	 7743490
24630578 	 7743823
24633002 	 7743906
24633774 	 7743968
24634719 	 7744041
24640311 	 7744454
24644590 	 7744606
24648545 	 7744881
24649663 	 7744984
24649843 	 7744999
24650212 	 7745030
24651676 	 7745147
24664426 	 7745818
24666130 	 7746209
24666172 	 7746215
24667609 	 7746319
24670679 	 7746565
24674815 	 7746874
24680291 	 7747101
24680429 	 7747121
24680984 	 7747192
24801321 	 7779255
24801798 	 7779641
24802117 	 7779884
24845470 	 7790185
24850192 	 7790784
24853082 	 7791134
24853702 	 7791342
24854626 	 7791657
24885192 	 7794174
24885216 	 7794175
24885759 	 7794252
24893917 	 7795156
24894227 	 7795263
24894387 	 7795310
24897132 	 7795584
24897635 	 7795771
24899506 	 7796353
24902586 	 7796598
24902631 	 7796613
24904119 	 7796984
24906447 	 7797483
24922404 	 7800061
24934396 	 7801459
24940966 	 7803589
24950587 	 7804842
24951748 	 7805031
24955567 	 7805571
24967151 	 7806810
24982004 	 7808515
24982025 	 7808519
24982228 	 7808568
25944836 	 8072337
26488461 	 8261940
26785957 	 8353665
26981602 	 8426292
26997694 	 8433260
27112139 	 8480365
27138901 	 8496562
27158589 	 8508213
27431264 	 8618327
27494667 	 8650917
27498553 	 8650950
27504941 	 8651393
27510770 	 8653479
27533251 	 8661141
27548255 	 8662021
27551534 	 8662284
27564044 	 8662951
27569740 	 8663410
27593397 	 8664552
27597110 	 8664807
27610861 	 8665526
27614118 	 8665749
27623932 	 8666206
27631032 	 8666259
27790110 	 8711983
27931373 	 8736889
27931434 	 8736902
27934432 	 8737229
27935636 	 8737309
27936360 	 8737357
27937384 	 8737407
27945817 	 8737855
27959039 	 8738431
27990024 	 8740305
28017689 	 8743885
28018664 	 8743966
28030181 	 8744489
28032492 	 8744706
28035967 	 8745033
28036525 	 8745093
28059678 	 8746291
28062872 	 8746555
28308863 	 8788063
28648088 	 8885894
29483054 	 9175926
29581156 	 9197697
29619511 	 9218068
29887747 	 9338436
30029121 	 9396127
30058058 	 9410712
30107927 	 9433842
30244827 	 9503185
30294576 	 9525277
30347697 	 9545536
30439445 	 9569057
30454350 	 9569070
30511914 	 9589144
30569026 	 9607466
30569140 	 9607515
30574619 	 9609640
30769020 	 9619667
30805914 	 9621369
30918497 	 9627400
30920432 	 9627550
30965030 	 9630102
31025482 	 9633579
31027389 	 9633716
31033431 	 9634087
31034046 	 9634118
31092126 	 9637497
31123052 	 9639165
31123111 	 9639177
31123263 	 9639187
31480651 	 9717725
32059494 	 9897351
32135344 	 9916456
32437146 	 9971303
33239435 	 10201200
total_testcases is : 33933777.
seeds num is : 3474.
path_hash_collision is : 0.
path_hash_valued_seeds is : 10462695.
